fahrenheit <- c(51.9, 51.8, 51.9, 53)
celsius <- 5/9 * (fahrenheit -32)
fahrenheit_2 <- c(48, 48.2, 48, 48.7)
fahrenheit_3 <- fahrenheit - fahrenheit_2
fahrenheit_3